14
11042.623316599114 8235.416571179874 11042.879882102387 8235.868843345062
12186.512332133943 3715.0422765884555 12186.493511415869 3715.431475849572
9702.512742342395 2551.1247911651126 9702.490025935775 2551.491839875335
9790.386907986143 8972.474476760734 9790.122645288175 8972.773598715712
15437.609376290178 1610.3436353545924 15437.900239449888 1610.8001370045815
12744.514605807182 5999.648859263397 12744.48853762319 6000.000791480645
2771.5800507538174 2029.5217968420466 2771.9170208428563 2029.9451696970823
5867.017575485614 7545.48889049854 5866.977727603713 7545.874757427584
13323.511191970614 4882.47253923517 13323.513720703597 4882.831587896458
12995.896562246375 4051.66149519543 12995.605265444132 4051.3669039441143
1541.7063341822186 873.4398134017654 1541.9038351409658 872.945458751626
1425.5146489901563 909.5448555641013 1425.5140439364036 909.9198109625936
14242.996480526295 3108.360063666084 14242.994126278862 3108.756362931808
1328.87641389998 2273.7821578877465 1328.6147729912493 2274.1015480369106
12946.41964490275 5491.043325706297 12946.094229948829 5491.384873074732
9293.612197947528 1907.4768184868244 9293.90182529393 1907.7551105753068
1479.5054242574865 2556.329017661581 1479.5224492614498 2556.6989878902905
6860.6222332796615 502.7538120926402 6860.9164027036295 503.06949134732724
2588.0238533184634 3553.081883457232 2587.996399857585 3553.4927458850725
10115.685191389945 2666.0782663610767 10115.90406525442 2665.6306082003985
6457.4118513311305 313.02127955829854 6457.094617036023 313.5039056172292
10894.402427718069 4628.5292245119945 10894.122817022138 4628.055502415075
14473.215956552573 3229.8792889091196 14473.400111521885 3229.4216718853468
2633.880141245028 57.565036235235915 2633.5925014244613 57.98930770689251
11589.493839351926 7208.605875214869 11589.49703080816 7208.997876973901
13618.091804614109 4715.060788416414 13618.388224664726 4715.513322354696
10178.885274920967 8872.9136628523 10178.586314364267 8873.1815301562
238.11767906403873 402.2481386283147 238.3945581679097 402.6754839557106
9520.123234538944 7427.457442451337 9520.418697278674 7427.130758274475
8150.904792410226 66.20969398338876 8150.613183570028 65.9407578586555
7459.0888187896935 7094.856717538257 7459.383198323445 7095.31996451924
4682.692366761915 4103.714436036037 4682.911907654484 4103.234937314549
4774.117612196703 4136.5184771266095 4774.384811172055 4136.260516467696
2921.014931379862 3548.3134109822126 2920.985216637603 3548.6951795973446
3011.0162978207927 4518.233642734737 3010.9863942559186 4518.666708982872
11369.69899704335 5357.704617089304 11369.906042600567 5357.253682270239
13557.515049893762 3776.053719746294 13557.520524276617 3776.481587985456
8237.90260962024 13761.561745569588 8237.610619001902 13761.219536406008
12868.985246535138 977.559385573775 12869.00754581683 977.9543016536918
15594.488906769042 1248.6051380759172 15594.496302898071 1249.015731132774
8605.081742940229 7764.3990389897945 8605.385326097845 7764.702966000594
6341.601193495367 9.901475676421756 6341.909290644258 9.638269633562771
8922.491554587603 1163.724361831231 8922.494827341287 1164.1207686702444
8030.904406597164 13898.376716966271 8030.61115965486 13898.848578451278
7303.394962476825 12589.792222053407 7303.107963204586 12589.505735538627
13201.085188072946 3571.8863870424807 13201.381195704256 3572.3238608291194
4535.883317093721 5383.6113999123245 4535.581140453455 5383.309404655339
9445.404322809392 11781.873138179692 9445.124234026052 11782.163196171721
4396.409139670297 5381.958535280199 4396.09913876477 5382.258510742653
10567.112861949734 1895.2526677984172 10567.41012997079 1894.9674130599103
9127.07635981537 7240.367218866689 9127.410692835758 7240.0480574331095
8696.878852309233 11085.520729921276 8696.59251448103 11085.243984334005
5627.010955246787 7.617718457467836 5627.024360756873 8.001309751032244
13207.399882182244 1370.5152776090695 13207.097870568308 1370.7968554986342
14167.088045941855 55.82467679679409 14167.422445785503 56.264041088113395
5342.007449360353 3771.3165637050815 5341.995535056356 3771.738841223421
439.4002217636589 673.3266948440421 439.0822467662871 673.0193025497902
15081.509928864887 2227.6398507968324 15081.51948696717 2228.014835594433
13993.382035680206 2245.9923881702125 13993.079512900971 2246.436944809909
3284.889292713544 4687.336800392431 3284.600888414531 4687.764922770213
8239.397066735537 22.04757411748543 8239.104345252646 21.741443582355892
6803.902995223361 1058.6945287160183 6803.6086099997165 1058.372730205148
7466.5905468145265 7611.917798366326 7466.877000442265 7612.3318760485
1157.0220243350834 1060.688043796851 1157.003371377622 1061.094129051744
87.52245794610168 121.43808933352554 87.5210976061941 121.81984601265677
12402.482127927922 6832.730382916954 12402.519785657425 6833.161004654554
3927.512353826916 6247.303056250921 3927.4870005904804 6247.7047102390425
4933.420906054388 5419.135762326536 4933.102296942755 5418.815586334689
1187.678457963511 263.7589408013098 1187.9249422881137 263.2813676290652
13946.92472365135 4193.685981237769 13946.62368301627 4194.137570436653
4669.42426516268 752.1683292375801 4669.1084820700235 751.7370042218367
6271.107307990258 1968.929186648232 6271.394055589831 1969.2647719256763
7318.116753086439 7105.277662793587 7318.405751775925 7104.991302613078
8325.475171731405 7098.163539491992 8325.51988071887 7098.537214159088
7746.491132649931 10699.064853984873 7746.481668275752 10699.491660468531
7036.10252273107 1777.46836744969 7036.414870051009 1777.1672364069207
11143.378972648214 1975.8016878658038 11143.085795010416 1975.5104135316292
11902.411619112956 7734.074783665486 11902.101224006017 7733.600383742467
14117.914574031465 3578.8157759795126 14117.601151255896 3579.256970556315
11373.490291795777 8150.853804075478 11373.521861505642 8151.246635785746
5538.52009782467 9451.604998025447 5538.491232483202 9452.021533606188
14616.480932599778 228.4146854640262 14616.523324402622 228.8391871241851
7338.523529045722 15.405259803307766 7338.5194606054 15.764876143119391
11974.409135985461 6543.232382962777 11974.099031524678 6542.902145501269
8902.086854759078 11087.254151958943 8902.414778060798 11086.981650539206
13667.022544728226 929.4456475887537 13667.022666692468 929.8274034566489
11100.480521429454 4936.530526497996 11100.523089534432 4936.964241529282
3187.1035988355884 5487.517968846919 3187.4185628905725 5487.231963501795
5430.516395072966 1233.0202048390333 5430.499601086739 1233.3993917434168
7614.523793463801 11412.260427128927 7614.486992943987 11412.706550079258
8995.406063663962 11865.005434990151 8995.086076063391 11865.32967373568
9030.501842405807 12508.679357871319 9030.476953762334 12509.07600705924
6190.09678747856 23.840520025046843 6190.407794267552 24.153594845075386
9454.416602189363 242.9611881351871 9454.112150884981 242.51368247028068
9890.910018253113 9122.296925444612 9890.61214551707 9121.879908155255
5989.095677300029 2004.3919474512838 5989.409923487603 2004.0615848916295
5690.589877458092 9838.489632838036 5690.877797297103 9838.8270894868
6645.487895330993 7886.206421303726 6645.480424035304 7886.620482468935
6094.412918762483 10498.428298324952 6094.115141186188 10497.958214998014
12114.478063796461 3687.3406631167754 12114.519764662224 3687.7590428706253
